HeartGirth,AbdGirth,ChestDepth,ActualBodyWeight,HG_to_AG,HG_to_CD,AG_to_CD,HG_minus_AG,HG_minus_CD,AG_minus_CD,HGxAG,HGxCD,AGxCD
172,217,83,379,0.7926267281069465,2.0722891566015385,2.6144578312938016,-45,89,134,37324,14276,18011
172,215,85,398,0.7999999999962791,2.0235294117408995,2.5294117646761243,-43,87,130,36980,14620,18275
188,217,95,407,0.8663594470006158,1.9789473684002215,2.284210526291745,-29,93,122,40796,17860,20615
185,203,82,412,0.9113300492565944,2.2560975609480964,2.4756097560673704,-18,103,121,37555,15170,16646
179,216,84,413,0.8287037036998671,2.1309523809270123,2.571428571397959,-37,95,132,38664,15036,18144
171,223,85,414,0.7668161434943193,2.011764705858685,2.623529411733841,-52,86,138,38133,14535,18955
194,225,96,427,0.8622222222183902,2.0208333333122828,2.3437499999755858,-31,98,129,43650,18624,21600
194,208,97,435,0.9326923076878236,1.9999999999793814,2.14432989688511,-14,97,111,40352,18818,20176
179,223,85,440,0.8026905829560418,2.1058823529164012,2.623529411733841,-44,94,138,39917,15215,18955
182,220,85,440,0.827272727268967,2.1411764705630447,2.5882352940871973,-38,97,135,40040,15470,18700
190,216,90,450,0.8796296296255574,2.1111111110876544,2.3999999999733332,-26,100,126,41040,17100,19440
191,222,89,455,0.8603603603564849,2.146067415706224,2.494382022443883,-31,102,133,42402,16999,19758
196,231,97,456,0.8484848484811754,2.0206185566801995,2.381443298944521,-35,99,134,45276,19012,22407
194,228,94,460,0.8508771929787242,2.0638297872120868,2.4255319148678134,-34,100,134,44232,18236,21432
185,217,102,460,0.8525345622080529,1.8137254901782967,2.1274509803712993,-32,83,115,40145,18870,22134
189,211,99,460,0.895734597152153,1.9090909090716253,2.131313131291603,-22,90,112,39879,18711,20889
198,226,100,463,0.876106194686389,1.9799999999801998,2.2599999999774,-28,98,126,44748,19800,22600
189,232,94,465,0.8146551724102817,2.0106382978509507,2.4680851063567224,-43,95,138,43848,17766,21808
185,225,86,465,0.8222222222185679,2.151162790672661,2.6162790697370197,-40,99,139,41625,15910,19350
191,206,93,467,0.9271844660149167,2.0537634408381313,2.215053763417042,-15,98,113,39346,17763,19158
187,207,95,467,0.9033816425077131,1.9684210526108588,2.1789473683981164,-20,92,112,38709,17765,19665
183,230,98,468,0.7956521739095842,1.8673469387564556,2.346938775486256,-47,85,132,42090,17934,22540
187,225,89,473,0.8311111111074173,2.1011235954820098,2.528089887612044,-38,98,136,42075,16643,20025
186,226,94,476,0.8230088495538805,1.9787234042342687,2.404255319123359,-40,92,132,42036,17484,21244
193,233,88,477,0.8283261802539558,2.1931818181568956,2.647727272697185,-40,105,145,44969,16984,20504
192,229,98,478,0.838427947594592,1.959183673449396,2.336734693853707,-37,94,131,43968,18816,22442
182,224,92,480,0.8124999999963728,1.9782608695437145,2.434782608669187,-42,90,132,40768,16744,20608
183,226,88,480,0.8097345132707534,2.0795454545218233,2.568181818152634,-43,95,138,41358,16104,19888
179,225,90,481,0.7955555555520198,1.98888888886679,2.499999999972222,-46,89,135,40275,16110,20250
181,225,88,481,0.8044444444408692,2.056818181794809,2.556818181789127,-44,93,137,40725,15928,19800
188,229,92,482,0.8209606986863713,2.0434782608473534,2.4891304347555527,-41,96,137,43052,17296,21068
187,228,89,483,0.820175438592894,2.1011235954820098,2.5617977527802043,-41,98,139,42636,16643,20292
193,234,91,486,0.8247863247828001,2.1208791208558146,2.571428571400314,-41,102,143,45162,17563,21294
183,222,91,486,0.8243243243206112,2.010989010966912,2.439560439533631,-39,92,131,40626,16653,20202
185,226,91,488,0.8185840707928381,2.0329670329446925,2.483516483489192,-41,94,135,41810,16835,20566
194,240,88,490,0.8083333333299653,2.2045454545204026,2.7272727272417354,-46,106,152,46560,17072,21120
192,242,95,490,0.7933884297487876,2.021052631557673,2.547368421025817,-50,97,147,46464,18240,22990
189,233,93,490,0.8111587982797804,2.0322580644942767,2.5053763440590817,-44,96,140,44037,17577,21669
184,218,95,490,0.8440366972438348,1.93684210524277,2.294736842081108,-34,89,123,40112,17480,20710
195,243,97,492,0.8024691357991668,2.0103092783297907,2.5051546391494313,-48,98,146,47385,18915,23571
186,237,92,492,0.7848101265789671,2.021739130412807,2.576086956493738,-51,94,145,44082,17112,21804
184,223,101,492,0.8251121076196184,1.8217821781997843,2.2079207920573474,-39,83,122,41032,18584,22523
183,216,85,492,0.8472222222182999,2.1529411764452595,2.541176470558339,-33,98,131,39528,15555,18360
188,245,93,494,0.7673469387723783,2.021505376322349,2.6344086021222104,-57,95,152,46060,17484,22785
195,231,95,495,0.8441558441521898,2.052631578925762,2.4315789473428255,-36,100,136,45045,18525,21945
189,213,93,495,0.887323943657806,2.0322580644942767,2.290322580620534,-24,96,120,40257,17577,19809
193,230,89,498,0.8391304347789603,2.168539325818331,2.5842696628923116,-37,104,141,44390,17177,20470
196,233,95,500,0.8412017167345871,2.0631578947151246,2.4526315789215514,-37,101,138,45668,18620,22135
192,239,92,500,0.8033472803313668,2.086956521716446,2.5978260869282845,-47,100,147,45888,17664,21988
194,238,96,502,0.8151260504167432,2.0208333333122828,2.479166666640842,-44,98,142,46172,18624,22848
194,230,98,505,0.8434782608658979,1.9795918367144938,2.346938775486256,-36,96,132,44620,19012,22540
183,224,90,506,0.8169642857106386,2.0333333333107406,2.4888888888612346,-41,93,134,40992,16470,20160
193,232,103,507,0.8318965517205522,1.8737864077487982,2.252427184444151,-39,90,129,44776,19879,23896
190,234,98,508,0.8119658119623421,1.938775510184298,2.3877551020164516,-44,92,136,44460,18620,22932
190,225,96,508,0.8444444444406914,1.9791666666460503,2.3437499999755858,-35,94,129,42750,18240,21600
191,228,99,508,0.8377192982419399,1.9292929292734413,2.30303030300704,-37,92,129,43548,18909,22572
186,225,89,508,0.8266666666629926,2.0898876404259563,2.528089887612044,-39,97,136,41850,16554,20025
195,240,96,509,0.8124999999966146,2.031249999978841,2.499999999973958,-45,99,144,46800,18720,23040
190,230,93,509,0.8260869565181475,2.0430107526662042,2.4731182795432995,-40,97,137,43700,17670,21390
194,236,93,510,0.8220338983016016,2.0860215053539135,2.537634408574864,-42,101,143,45784,18042,21948
190,225,93,510,0.8444444444406914,2.0430107526662042,2.4193548386836627,-35,97,132,42750,17670,20925
198,239,95,511,0.828451882841722,2.0842105262938504,2.5157894736577284,-41,103,144,47322,18810,22705
193,234,98,511,0.8247863247828001,1.969387755081945,2.3877551020164516,-41,95,136,45162,18914,22932
188,228,89,512,0.8245614035051555,2.1123595505380632,2.5617977527802043,-40,99,139,42864,16732,20292
198,239,99,513,0.828451882841722,1.999999999979798,2.414141414117029,-41,99,140,47322,19602,23661
200,236,93,514,0.8474576271150532,2.150537634385478,2.537634408574864,-36,107,143,47200,18600,21948
195,225,100,514,0.8666666666628149,1.9499999999805,2.2499999999774998,-30,95,125,43875,19500,22500
191,228,95,514,0.8377192982419399,2.01052631576831,2.3999999999747366,-37,96,133,43548,18145,21660
195,239,90,515,0.8158995815865444,2.1666666666425924,2.6555555555260493,-44,105,149,46605,17550,21510
193,227,101,515,0.8502202643134352,1.910891089089991,2.247524752452995,-34,92,126,43811,19493,22927
190,230,89,516,0.8260869565181475,2.13483146065017,2.5842696628923116,-40,101,141,43700,16910,20470
195,230,93,518,0.8478260869528356,2.096774193525841,2.4731182795432995,-35,102,137,44850,18135,21390
188,232,92,518,0.8103448275827141,2.0434782608473534,2.521739130407372,-44,96,140,43616,17296,21344
195,244,100,519,0.7991803278655771,1.9499999999805,2.4399999999756,-49,95,144,47580,19500,24400
197,224,93,519,0.8794642857103596,2.1182795698696957,2.408602150511735,-27,104,131,44128,18321,20832
194,235,101,519,0.8255319148901041,1.920792079188903,2.32673267324429,-41,93,134,45590,19594,23735
193,230,101,519,0.8391304347789603,1.910891089089991,2.27722772274973,-37,92,129,44390,19493,23230
191,232,98,519,0.8232758620654169,1.948979591816847,2.3673469387513535,-41,93,134,44312,18718,22736
200,238,100,520,0.8403361344502507,1.99999999998,2.3799999999762,-38,100,138,47600,20000,23800
189,227,91,520,0.8325991189390635,2.0769230769002536,2.4945054944780822,-38,98,136,42903,17199,20657
193,239,96,521,0.8075313807497593,2.0104166666457246,2.4895833333074,-46,97,143,46127,18528,22944
192,239,96,522,0.8033472803313668,1.9999999999791667,2.4895833333074,-47,96,143,45888,18432,22944
188,245,93,522,0.7673469387723783,2.021505376322349,2.6344086021222104,-57,95,152,46060,17484,22785
194,235,95,522,0.8255319148901041,2.0421052631363987,2.4736842105002768,-41,99,140,45590,18430,22325
194,228,94,522,0.8508771929787242,2.0638297872120868,2.4255319148678134,-34,100,134,44232,18236,21432
192,235,98,523,0.8170212765922681,1.959183673449396,2.397959183649,-43,94,137,45120,18816,23030
197,233,96,523,0.845493562228131,2.0520833333119572,2.427083333308051,-36,101,137,45901,18912,22368
193,222,98,523,0.8693693693654533,1.969387755081945,2.265306122425864,-29,95,124,42846,18914,21756
198,250,94,524,0.791999999996832,2.106382978700996,2.659574468056813,-52,104,156,49500,18612,23500
191,226,96,524,0.8451327433590924,1.9895833333126085,2.354166666642144,-35,95,130,43166,18336,21696
188,237,94,524,0.7932489451443323,1.9999999999787232,2.5212765957178584,-49,94,143,44556,17672,22278
192,234,95,525,0.8205128205093141,2.021052631557673,2.463157894710914,-42,97,139,44928,18240,22230
192,224,94,525,0.8571428571390306,2.0425531914676323,2.3829787233789044,-32,98,130,43008,18048,21056
197,240,94,526,0.8208333333299133,2.0957446808287687,2.5531914893345404,-43,103,146,47280,18518,22560
198,235,96,526,0.8425531914857765,2.0624999999785154,2.4479166666411674,-37,102,139,46530,19008,22560
194,239,95,526,0.8117154811681518,2.0421052631363987,2.5157894736577284,-45,99,144,46366,18430,22705
181,217,92,526,0.8341013824846355,1.9673913043264413,2.358695652148275,-36,89,125,39277,16652,19964
195,243,93,530,0.8024691357991668,2.096774193525841,2.6129032257783558,-48,102,150,47385,18135,22599
198,237,92,530,0.8354430379711585,2.1521739130200848,2.576086956493738,-39,106,145,46926,18216,21804
197,238,96,532,0.827731092433497,2.0520833333119572,2.479166666640842,-41,101,142,46886,18912,22848
203,239,98,532,0.8493723849336847,2.0714285714074343,2.438775510179196,-36,105,141,48517,19894,23422
195,243,96,533,0.8024691357991668,2.031249999978841,2.5312499999736326,-48,99,147,47385,18720,23328
195,234,95,534,0.8333333333297721,2.052631578925762,2.463157894710914,-39,100,139,45630,18525,22230
193,242,90,536,0.7975206611537293,2.144444444420617,2.688888888859012,-49,103,152,46706,17370,21780
204,233,102,536,0.8755364806829377,1.9999999999803921,2.284313725467801,-29,102,131,47532,20808,23766
193,226,94,536,0.8539823008811771,2.0531914893398597,2.404255319123359,-33,99,132,43618,18142,21244
193,233,103,537,0.8283261802539558,1.8737864077487982,2.2621359223081345,-40,90,130,44969,19879,23999
198,239,96,538,0.828451882841722,2.0624999999785154,2.4895833333074,-41,102,143,47322,19008,22944
193,234,97,538,0.8247863247828001,1.989690721628972,2.4123711339957485,-41,96,137,45162,18721,22698
195,247,95,539,0.7894736842073301,2.052631578925762,2.5999999999726313,-52,100,152,48165,18525,23465
197,242,97,540,0.8140495867734957,2.030927835030609,2.494845360799022,-45,100,145,47674,19109,23474
192,239,93,540,0.8033472803313668,2.064516129010059,2.569892473090646,-47,99,146,45888,17856,22227
193,218,95,540,0.8853211009133701,2.031578947347036,2.294736842081108,-25,98,123,42074,18335,20710
201,245,102,541,0.8204081632619575,1.970588235274798,2.4019607842901767,-44,99,143,49245,20502,24990
194,242,96,541,0.8016528925586709,2.0208333333122828,2.5208333333070745,-48,98,146,46948,18624,23232
202,232,104,542,0.8706896551686608,1.9423076922890161,2.230769230747781,-30,98,128,46864,21008,24128
194,238,94,542,0.8151260504167432,2.0638297872120868,2.531914893590086,-44,100,144,46172,18236,22372
196,252,96,543,0.7777777777746914,2.041666666645399,2.624999999972656,-56,100,156,49392,18816,24192
200,252,94,544,0.7936507936476442,2.1276595744454503,2.6808510638012675,-52,106,158,50400,18800,23688
198,241,103,544,0.8215767634820682,1.9223300970687152,2.339805825220002,-43,95,138,47718,20394,24823
198,234,94,544,0.8461538461502301,2.106382978700996,2.489361702101177,-36,104,140,46332,18612,21996
193,235,96,544,0.821276595741186,2.0104166666457246,2.4479166666411674,-42,97,139,45355,18528,22560
193,232,94,544,0.8318965517205522,2.0531914893398597,2.4680851063567224,-39,99,138,44776,18142,21808
197,236,98,545,0.8347457627083273,2.0102040816121405,2.4081632652815492,-39,99,138,46492,19306,23128
198,234,105,545,0.8461538461502301,1.8857142856963265,2.228571428550204,-36,93,129,46332,20790,24570
198,232,100,545,0.8534482758583903,1.9799999999801998,2.3199999999767997,-34,98,132,45936,19800,23200
193,235,96,546,0.821276595741186,2.0104166666457246,2.4479166666411674,-42,97,139,45355,18528,22560
190,227,101,546,0.8370044052826564,1.8811881187932555,2.247524752452995,-37,89,126,43130,19190,22927
195,244,93,547,0.7991803278655771,2.096774193525841,2.6236559139502833,-49,102,151,47580,18135,22692
198,240,94,547,0.8249999999965625,2.106382978700996,2.5531914893345404,-42,104,146,47520,18612,22560
199,238,94,547,0.8361344537779994,2.1170212765732233,2.531914893590086,-39,105,144,47362,18706,22372
199,232,98,547,0.857758620685958,2.0306122448772386,2.3673469387513535,-33,101,134,46168,19502,22736
192,235,99,548,0.8170212765922681,1.9393939393743496,2.3737373737133964,-43,93,136,45120,19008,23265
196,234,93,548,0.8376068376032582,2.1075268816977686,2.5161290322310093,-38,103,141,45864,18228,21762
195,237,96,549,0.8227848101231107,2.031249999978841,2.4687499999742837,-42,99,141,46215,18720,22752
200,240,107,549,0.8333333333298611,1.869158878487204,2.242990654184645,-40,93,133,48000,21400,25680
195,235,97,550,0.8297872340390222,2.0103092783297907,2.422680412346158,-40,98,138,45825,18915,22795
194,235,91,550,0.8255319148901041,2.131868131844705,2.582417582389204,-41,103,144,45590,17654,21385
202,250,100,552,0.8079999999967681,2.0199999999797997,2.499999999975,-48,102,150,50500,20200,25000
196,244,96,552,0.803278688521298,2.041666666645399,2.541666666640191,-48,100,148,47824,18816,23424
193,245,90,552,0.787755102037601,2.144444444420617,2.7222222221919754,-52,103,155,47285,17370,22050
208,238,108,553,0.8739495798282607,1.9259259259080932,2.203703703683299,-30,100,130,49504,22464,25704
197,236,100,553,0.8347457627083273,1.9699999999803,2.3599999999764,-39,97,136,46492,19700,23600
195,241,97,553,0.8091286307020369,2.0103092783297907,2.484536082448613,-46,98,144,46995,18915,23377
201,232,97,553,0.8663793103410933,2.0721649484322455,2.3917525772949304,-31,104,135,46632,19497,22504
197,223,90,555,0.8834080717449175,2.1888888888645677,2.477777777750247,-26,107,133,43931,17730,20070
197,252,99,556,0.7817460317429296,1.98989898987889,2.5454545454288335,-55,98,153,49644,19503,24948
192,240,105,556,0.7999999999966667,1.8285714285540136,2.285714285692517,-48,87,135,46080,20160,25200
199,235,96,556,0.8468085106346944,2.0729166666450736,2.4479166666411674,-36,103,139,46765,19104,22560
210,245,101,558,0.8571428571393587,2.079207920771493,2.4257425742334084,-35,109,144,51450,21210,24745
196,237,99,558,0.8270042194057933,1.9797979797779817,2.3939393939152125,-41,97,138,46452,19404,23463
193,237,96,558,0.8143459915577455,2.0104166666457246,2.4687499999742837,-44,97,141,45741,18528,22752
195,252,95,559,0.7738095238064532,2.052631578925762,2.6526315789194457,-57,100,157,49140,18525,23940
197,240,95,559,0.8208333333299133,2.0736842105044873,2.526315789447091,-43,102,145,47280,18715,22800
207,243,98,560,0.8518518518483463,2.11224489793763,2.4795918367093917,-36,109,145,50301,20286,23814
204,236,97,562,0.8644067796573542,2.1030927834834734,2.432989690696567,-32,107,139,48144,19788,22892
191,247,94,562,0.77327935222359,2.0319148935954052,2.627659574440131,-56,97,153,47177,17954,23218
197,235,95,562,0.8382978723368584,2.0736842105044873,2.4736842105002768,-38,102,140,46295,18715,22325
213,242,104,564,0.8801652892525613,2.0480769230572298,2.3269230769007025,-29,109,138,51546,22152,25168
195,240,106,564,0.8124999999966146,1.8396226414920789,2.2641509433748666,-45,89,134,46800,20670,25440
200,238,98,564,0.8403361344502507,2.0408163265097876,2.4285714285466473,-38,102,140,47600,19600,23324
199,242,99,564,0.822314049583379,2.010101010080706,2.444444444419753,-43,100,143,48158,19701,23958
192,238,94,564,0.8067226890722407,2.0425531914676323,2.531914893590086,-46,98,144,45696,18048,22372
203,256,100,565,0.7929687499969025,2.0299999999797,2.5599999999744,-53,103,156,51968,20300,25600
202,243,96,565,0.8312757201611882,2.104166666644748,2.5312499999736326,-41,106,147,49086,19392,23328
197,242,104,565,0.8140495867734957,1.8942307692125555,2.3269230769007025,-45,93,138,47674,20488,25168
202,232,97,565,0.8706896551686608,2.082474226782655,2.3917525772949304,-30,105,135,46864,19594,22504
197,236,95,566,0.8347457627083273,2.0736842105044873,2.48421052628964,-39,102,141,46492,18715,22420
204,250,99,567,0.815999999996736,2.0606060605852465,2.5252525252270175,-46,105,151,51000,20196,24750
205,242,99,567,0.8471074380130286,2.0707070706861543,2.444444444419753,-37,106,143,49610,20295,23958
195,245,98,568,0.7959183673436901,1.9897959183470428,2.4999999999744897,-50,97,147,47775,19110,24010
200,249,103,569,0.8032128514023967,1.941747572796682,2.417475728131869,-49,97,146,49800,20600,25647
207,240,105,569,0.8624999999964063,1.9714285714097959,2.285714285692517,-33,102,135,49680,21735,25200
200,235,96,570,0.8510638297836125,2.0833333333116317,2.4479166666411674,-35,104,139,47000,19200,22560
200,232,102,570,0.8620689655135256,1.9607843137062668,2.2745098038992695,-32,98,130,46400,20400,23664
199,253,98,571,0.7865612648190254,2.0306122448772386,2.581632653034881,-54,101,155,50347,19502,24794
201,246,95,572,0.8170731707283859,2.115789473661939,2.5894736841832686,-45,106,151,49446,19095,23370
198,246,95,572,0.804878048777216,2.0842105262938504,2.5894736841832686,-48,103,151,48708,18810,23370
200,244,95,573,0.8196721311441817,2.1052631578725762,2.568421052604543,-44,105,149,48800,19000,23180
204,244,100,574,0.8360655737670654,2.0399999999796,2.4399999999756,-40,104,144,49776,20400,24400
205,233,98,574,0.8798283261764814,2.0918367346725324,2.3775510203839025,-28,107,135,47765,20090,22834
204,246,97,575,0.8292682926795558,2.1030927834834734,2.5360824742006587,-42,107,149,50184,19788,23862
205,237,97,575,0.8649789029499368,2.1134020618338822,2.4432989690469764,-32,108,140,48585,19885,22989
191,236,96,575,0.8093220338948758,1.9895833333126085,2.4583333333077255,-45,95,140,45076,18336,22656
188,243,92,575,0.7736625514371455,2.0434782608473534,2.641304347797377,-55,96,151,45684,17296,22356
198,238,99,576,0.8319327731057482,1.999999999979798,2.4040404040161207,-40,99,139,47124,19602,23562
207,235,102,577,0.880851063826039,2.029411764685986,2.3039215686048635,-28,105,133,48645,21114,23970
201,236,104,579,0.8516949152506285,1.9326923076737241,2.2692307692089497,-35,97,132,47436,20904,24544
199,244,106,579,0.8155737704884608,1.8773584905483267,2.301886792431114,-45,93,138,48556,21094,25864
197,246,98,579,0.800813008126826,2.0102040816121405,2.510204081607039,-49,99,148,48462,19306,24108
197,249,105,580,0.7911646586313609,1.8761904761726076,2.3714285714059864,-52,92,144,49053,20685,26145
197,235,102,580,0.8382978723368584,1.9313725490006728,2.3039215686048635,-38,95,133,46295,20094,23970
194,239,96,580,0.8117154811681518,2.0208333333122828,2.4895833333074,-45,98,143,46366,18624,22944
205,238,102,581,0.861344537811507,2.0098039215489236,2.3333333333104576,-33,103,136,48790,20910,24276
202,248,99,581,0.8145161290289737,2.04040404038343,2.5050505050252014,-46,103,149,50096,19998,24552
199,239,97,582,0.8326359832601146,2.0515463917314274,2.4639175257477945,-40,102,142,47561,19303,23183
210,251,100,583,0.83665338645085,2.099999999979,2.5099999999749,-41,110,151,52710,21000,25100
205,244,108,583,0.8401639344227863,1.8981481481305726,2.2592592592383403,-39,97,136,50020,22140,26352
203,250,100,583,0.811999999996752,2.0299999999797,2.499999999975,-47,103,150,50750,20300,25000
198,231,97,583,0.8571428571391466,2.041237113381018,2.381443298944521,-33,101,134,45738,19206,22407
198,227,101,583,0.8722466960313998,1.9603960395845506,2.247524752452995,-29,97,126,44946,19998,22927
203,254,101,584,0.7992125984220504,2.00990099007911,2.5148514851236152,-51,102,153,51562,20503,25654
209,248,104,584,0.8427419354804728,2.0096153845960614,2.3846153845924554,-39,105,144,51832,21736,25792
203,242,98,584,0.8388429752031453,2.0714285714074343,2.469387755076843,-39,105,144,49126,19894,23716
205,245,100,585,0.8367346938741358,2.0499999999794998,2.4499999999754998,-40,105,145,50225,20500,24500
199,244,101,585,0.8155737704884608,1.9702970296834623,2.4158415841344967,-45,98,143,48556,20099,24644
199,242,101,585,0.822314049583379,1.9702970296834623,2.3960396039366727,-43,98,141,48158,20099,24442
192,242,94,585,0.7933884297487876,2.0425531914676323,2.574468085078995,-50,98,148,46464,18048,22748
192,247,100,587,0.777327935219525,1.9199999999808,2.4699999999753,-55,92,147,47424,19200,24700
199,248,102,588,0.8024193548354741,1.9509803921377353,2.4313725489957707,-49,97,146,49352,20298,25296
194,253,102,588,0.7667984189693012,1.9019607842950788,2.4803921568384273,-59,92,151,49082,19788,25806
193,240,96,588,0.804166666663316,2.0104166666457246,2.499999999973958,-47,97,144,46320,18528,23040
204,250,101,589,0.815999999996736,2.0198019801780216,2.4752475247279677,-46,103,149,51000,20604,25250
200,260,100,590,0.7692307692278106,1.99999999998,2.599999999974,-60,100,160,52000,20000,26000
203,253,96,590,0.8023715414988049,2.114583333311306,2.6354166666392143,-50,107,157,51359,19488,24288
202,248,107,590,0.8145161290289737,1.8878504672720762,2.317757009324133,-46,95,141,50096,21614,26536
205,250,97,590,0.81999999999672,2.1134020618338822,2.5773195876022954,-45,108,153,51250,19885,24250
209,243,104,590,0.8600823045232096,2.0096153845960614,2.3365384615159948,-34,105,139,50787,21736,25272
196,240,97,590,0.8166666666632639,2.0206185566801995,2.474226804098204,-44,99,143,47040,19012,23280
198,252,93,590,0.7857142857111679,2.129032258041623,2.7096774193257023,-54,105,159,49896,18414,23436
202,245,95,591,0.8244897959150022,2.126315789451302,2.578947368393906,-43,107,150,49490,19190,23275
199,248,102,591,0.8024193548354741,1.9509803921377353,2.4313725489957707,-49,97,146,49352,20298,25296
206,254,105,592,0.8110236220440511,1.961904761886077,2.4190476190245804,-48,101,149,52324,21630,26670
196,263,95,592,0.7452471482861398,2.0631578947151246,2.7684210526024375,-67,101,168,51548,18620,24985
205,243,107,592,0.8436213991734831,1.9158878504493841,2.271028037361953,-38,98,136,49815,21935,26001
201,248,96,592,0.8104838709644739,2.09374999997819,2.5833333333064235,-47,105,152,49848,19296,23808
188,238,99,592,0.7899159663832357,1.8989898989707172,2.4040404040161207,-50,89,139,44744,18612,23562
197,249,99,593,0.7911646586313609,1.98989898987889,2.5151515151261097,-52,98,150,49053,19503,24651
205,251,102,595,0.8167330677258298,2.0098039215489236,2.4607843137013647,-46,103,149,51455,20910,25602
200,242,91,595,0.8264462809883205,2.197802197778046,2.659340659311436,-42,109,151,48400,18200,22022
198,239,95,595,0.828451882841722,2.0842105262938504,2.5157894736577284,-41,103,144,47322,18810,22705
205,257,95,596,0.7976653696467018,2.1578947368193906,2.7052631578662605,-52,110,162,52685,19475,24415
202,246,98,596,0.8211382113787759,2.0612244897748853,2.510204081607039,-44,104,148,49692,19796,24108
200,241,98,596,0.8298755186687558,2.0408163265097876,2.459183673444294,-41,102,143,48200,19600,23618
198,241,97,596,0.8215767634820682,2.041237113381018,2.484536082448613,-43,101,144,47718,19206,23377
203,250,102,597,0.811999999996752,1.9901960784118609,2.4509803921328333,-47,101,148,50750,20706,25500
204,244,102,597,0.8360655737670654,1.9999999999803921,2.3921568627216456,-40,102,142,49776,20808,24888
212,245,102,597,0.8653061224454478,2.0784313725286427,2.4019607842901767,-33,110,143,51940,21624,24990
198,242,100,597,0.8181818181784373,1.9799999999801998,2.4199999999757997,-44,98,142,47916,19800,24200
203,254,101,598,0.7992125984220504,2.00990099007911,2.5148514851236152,-51,102,153,51562,20503,25654
197,252,99,598,0.7817460317429296,1.98989898987889,2.5454545454288335,-55,98,153,49644,19503,24948
211,236,105,598,0.8940677966063811,2.009523809504671,2.2476190475976416,-25,106,131,49796,22155,24780
197,251,100,598,0.7848605577657974,1.9699999999803,2.5099999999749,-54,97,151,49447,19700,25100
200,242,98,598,0.8264462809883205,2.0408163265097876,2.469387755076843,-42,102,144,48400,19600,23716
195,238,96,598,0.8193277310889945,2.031249999978841,2.479166666640842,-43,99,142,46410,18720,22848
201,248,100,599,0.8104838709644739,2.0099999999799,2.4799999999752,-47,101,148,49848,20100,24800
200,259,94,599,0.7722007721977907,2.1276595744454503,2.755319148906858,-59,106,165,51800,18800,24346
215,255,100,600,0.8431372548986544,2.1499999999784998,2.5499999999744998,-40,115,155,54825,21500,25500
200,247,103,600,0.8097165991870052,1.941747572796682,2.3980582524039025,-47,97,144,49400,20600,25441
204,243,98,600,0.8395061728360514,2.0816326530399833,2.4795918367093917,-39,106,145,49572,19992,23814
203,246,99,600,0.8252032520291659,2.0505050504843383,2.4848484848233854,-43,104,147,49938,20097,24354
203,246,102,600,0.8252032520291659,1.9901960784118609,2.411764705858708,-43,101,144,49938,20706,25092
203,248,100,600,0.8185483870934737,2.0299999999797,2.4799999999752,-45,103,148,50344,20300,24800
194,246,95,600,0.7886178861756561,2.0421052631363987,2.5894736841832686,-52,99,151,47724,18430,23370
200,234,96,600,0.8547008546972021,2.0833333333116317,2.437499999974609,-34,104,138,46800,19200,22464
220,257,113,601,0.8560311284013384,1.9469026548500274,2.274336283165714,-37,107,144,56540,24860,29041
213,245,101,601,0.8693877550984923,2.1089108910682284,2.4257425742334084,-32,112,144,52185,21513,24745
199,252,104,601,0.789682539679406,1.9134615384431397,2.423076923053624,-53,95,148,50148,20696,26208
201,243,93,601,0.8271604938237566,2.1612903225574054,2.6129032257783558,-42,108,150,48843,18693,22599
213,254,100,602,0.8385826771620528,2.1299999999787,2.5399999999746,-41,113,154,54102,21300,25400
205,244,96,602,0.8401639344227863,2.1354166666444225,2.541666666640191,-39,109,148,50020,19680,23424
199,250,98,602,0.795999999996816,2.0306122448772386,2.5510204081372345,-51,101,152,49750,19502,24500
207,256,100,603,0.8085937499968414,2.0699999999793,2.5599999999744,-49,107,156,52992,20700,25600
201,249,102,603,0.8072289156594088,1.970588235274798,2.441176470564302,-48,99,147,50049,20502,25398
212,238,104,603,0.8907563025172658,2.038461538441938,2.288461538439534,-26,108,134,50456,22048,24752
209,257,101,604,0.8132295719812715,2.069306930672581,2.544554455420351,-48,108,156,53713,21109,25957
196,257,95,604,0.7626459143939197,2.0631578947151246,2.7052631578662605,-61,101,162,50372,18620,24415
209,255,95,604,0.8196078431340408,2.199999999976842,2.6842105262875346,-46,114,160,53295,19855,24225
198,245,99,604,0.8081632653028239,1.999999999979798,2.474747474722477,-47,99,146,48510,19602,24255
204,247,94,604,0.8259109311707453,2.1702127659343593,2.627659574440131,-43,110,153,50388,19176,23218
192,247,96,604,0.777327935219525,1.9999999999791667,2.5729166666398653,-55,96,151,47424,18432,23712
202,246,105,605,0.8211382113787759,1.9238095237912018,2.3428571428348297,-44,97,141,49692,21210,25830
201,252,100,605,0.7976190476158825,2.0099999999799,2.5199999999747997,-51,101,152,50652,20100,25200
209,238,100,605,0.878151260500512,2.0899999999791,2.3799999999762,-29,109,138,49742,20900,23800
198,247,100,606,0.8016194331951352,1.9799999999801998,2.4699999999753,-49,98,147,48906,19800,24700
201,252,94,606,0.7976190476158825,2.1382978723176778,2.6808510638012675,-51,107,158,50652,18894,23688
195,246,102,606,0.792682926826046,1.91176470586361,2.411764705858708,-51,93,144,47970,19890,25092
201,241,97,606,0.8340248962620995,2.0721649484322455,2.484536082448613,-40,104,144,48441,19497,23377
199,244,100,606,0.8155737704884608,1.9899999999801,2.4399999999756,-45,99,144,48556,19900,24400
204,244,98,607,0.8360655737670654,2.0816326530399833,2.4897959183419407,-40,106,146,49776,19992,23912
199,249,91,607,0.7991967871453848,2.1868131867891556,2.7362637362336675,-50,108,158,49551,18109,22659
209,246,97,608,0.8495934959315058,2.154639175235519,2.5360824742006587,-37,112,149,51414,20273,23862
204,262,102,609,0.7786259541955015,1.9999999999803921,2.5686274509552094,-58,102,160,53448,20808,26724
199,244,100,609,0.8155737704884608,1.9899999999801,2.4399999999756,-45,99,144,48556,19900,24400
201,243,95,609,0.8271604938237566,2.115789473661939,2.55789473681518,-42,106,148,48843,19095,23085
206,233,105,609,0.8841201716700253,1.961904761886077,2.2190476190264854,-27,101,128,47998,21630,24465
203,256,96,610,0.7929687499969025,2.114583333311306,2.6666666666388887,-53,107,160,51968,19488,24576
203,254,103,611,0.7992125984220504,1.9708737863886323,2.466019417451786,-51,100,151,51562,20909,26162
200,239,99,611,0.836820083678507,2.020202020181614,2.414141414117029,-39,101,140,47800,19800,23661
206,257,99,612,0.8015564202303441,2.0808080807870626,2.595959595933374,-51,107,158,52942,20394,25443
212,252,99,613,0.841269841266503,2.1414141413925107,2.5454545454288335,-40,113,153,53424,20988,24948
199,268,99,613,0.7425373134300652,2.010101010080706,2.707070707043363,-69,100,169,53332,19701,26532
201,254,103,613,0.7913385826740499,1.9514563106606655,2.466019417451786,-53,98,151,51054,20703,26162
206,246,102,613,0.8373983739803358,2.0196078431174547,2.411764705858708,-40,104,144,50676,21012,25092
198,244,95,613,0.8114754098327399,2.0842105262938504,2.568421052604543,-46,103,149,48312,18810,23180
216,259,99,614,0.833976833973614,2.1818181817961433,2.6161616161351904,-43,117,160,55944,21384,25641
217,256,116,614,0.8476562499966889,1.870689655156287,2.2068965517051127,-39,101,140,55552,25172,29696
209,240,105,614,0.8708333333297049,1.9904761904572335,2.285714285692517,-31,104,135,50160,21945,25200
205,253,95,615,0.8102766798386946,2.1578947368193906,2.663157894708809,-48,110,158,51865,19475,24035
202,247,96,615,0.8178137651788753,2.104166666644748,2.5729166666398653,-45,106,151,49894,19392,23712
204,244,103,615,0.8360655737670654,1.9805825242526156,2.368932038811952,-40,101,141,49776,21012,25132
200,260,95,616,0.7692307692278106,2.1052631578725762,2.736842105234349,-60,105,165,52000,19000,24700
200,236,103,616,0.8474576271150532,1.941747572796682,2.2912621359000847,-36,97,133,47200,20600,24308
204,260,100,617,0.7846153846123669,2.0399999999796,2.599999999974,-56,104,160,53040,20400,26000
220,250,96,617,0.87999999999648,2.291666666642795,2.6041666666395398,-30,124,154,55000,21120,24000
203,252,100,617,0.8055555555523589,2.0299999999797,2.5199999999747997,-49,103,152,51156,20300,25200
201,252,96,618,0.7976190476158825,2.09374999997819,2.624999999972656,-51,105,156,50652,19296,24192
212,244,105,619,0.8688524590128326,2.01904761902839,2.3238095237873924,-32,107,139,51728,22260,25620
205,241,101,619,0.8506224066354746,2.0297029702769334,2.386138613837761,-36,104,140,49405,20705,24341
210,252,108,620,0.8333333333300265,1.9444444444264402,2.333333333311728,-42,102,144,52920,22680,27216
205,250,101,620,0.81999999999672,2.0297029702769334,2.4752475247279677,-45,104,149,51250,20705,25250
201,256,100,620,0.785156249996933,2.0099999999799,2.5599999999744,-55,101,156,51456,20100,25600
205,239,105,620,0.8577405857704697,1.9523809523623583,2.2761904761687983,-34,100,134,48995,21525,25095
207,253,101,621,0.8181818181785843,2.0495049504747573,2.5049504950247035,-46,106,152,52371,20907,25553
207,249,98,621,0.8313253012014806,2.11224489793763,2.5408163265046855,-42,109,151,51543,20286,24402
210,254,104,622,0.8267716535400521,2.0192307692113536,2.4423076922842086,-44,106,150,53340,21840,26416
205,255,95,622,0.8039215686242984,2.1578947368193906,2.6842105262875346,-50,110,160,52275,19475,24225
210,247,98,623,0.8502024291463555,2.1428571428352767,2.5204081632395874,-37,112,149,51870,20580,24206
205,237,107,623,0.8649789029499368,1.9158878504493841,2.214953271007337,-32,98,130,48585,21935,25359
206,245,100,624,0.8408163265271804,2.0599999999794,2.4499999999754998,-39,106,145,50470,20600,24500
210,259,102,625,0.8108108108076802,2.05882352939158,2.5392156862496154,-49,108,157,54390,21420,26418
216,248,94,625,0.8709677419319719,2.2978723404010863,2.6382978723123585,-32,122,154,53568,20304,23312
207,240,105,625,0.8624999999964063,1.9714285714097959,2.285714285692517,-33,102,135,49680,21735,25200
210,253,105,626,0.8300395256884189,1.9999999999809523,2.4095238095008615,-43,105,148,53130,22050,26565
204,246,94,626,0.8292682926795558,2.1702127659343593,2.617021276567904,-42,110,152,50184,19176,23124
209,247,92,627,0.8461538461504204,2.2717391304100896,2.6847826086664695,-38,117,155,51623,19228,22724
203,258,101,627,0.7868217054233069,2.00990099007911,2.5544554455192627,-55,102,157,52374,20503,26058
208,247,101,628,0.8421052631544854,2.059405940573669,2.445544554431232,-39,107,146,51376,21008,24947
205,259,100,628,0.7915057915027355,2.0499999999794998,2.5899999999740997,-54,105,159,53095,20500,25900
199,249,102,628,0.7991967871453848,1.9509803921377353,2.441176470564302,-50,97,147,49551,20298,25398
206,245,107,628,0.8408163265271804,1.9252336448418201,2.289719626146825,-39,99,138,50470,22042,26215
201,246,98,628,0.8170731707283859,2.0510204081423367,2.510204081607039,-45,103,148,49446,19698,24108
202,241,106,628,0.8381742738554433,1.9056603773405125,2.2735849056389283,-39,96,135,48682,21412,25546
210,255,105,629,0.8235294117614764,1.9999999999809523,2.4285714285482993,-45,105,150,53550,22050,26775
213,257,104,629,0.8287937743158413,2.0480769230572298,2.471153846130085,-44,109,153,54741,22152,26728
202,248,93,629,0.8145161290289737,2.172043010729333,2.6666666666379926,-46,109,155,50096,18786,23064
212,260,106,630,0.8153846153814793,1.999999999981132,2.4528301886561055,-48,106,154,55120,22472,27560
211,253,97,630,0.8339920948583637,2.1752577319363375,2.6082474226535233,-42,114,156,53383,20467,24541
210,256,94,630,0.8203124999967957,2.234042553167723,2.7234042552901765,-46,116,162,53760,19740,24064
204,246,103,630,0.8292682926795558,1.9805825242526156,2.388349514539919,-42,101,143,50184,21012,25338
206,255,108,631,0.807843137251734,1.9074074073897462,2.361111111089249,-49,98,147,52530,22248,27540
205,236,95,631,0.8686440677929295,2.1578947368193906,2.48421052628964,-31,110,141,48380,19475,22420
202,256,102,632,0.7890624999969178,1.9803921568433294,2.5098039215440213,-54,100,154,51712,20604,26112
212,250,104,632,0.847999999996608,2.038461538441938,2.40384615382304,-38,108,146,53000,22048,26000
207,240,101,633,0.8624999999964063,2.0495049504747573,2.376237623738849,-33,106,139,49680,20907,24240
203,240,95,633,0.845833333329809,2.1368421052406648,2.526315789447091,-37,108,145,48720,19285,22800
204,248,97,633,0.8225806451579735,2.1030927834834734,2.5567010309014773,-44,107,151,50592,19788,24056
211,244,104,634,0.8647540983571117,2.028846153826646,2.346153846131287,-33,107,140,51484,21944,25376
208,265,103,635,0.7849056603743966,2.0194174757085492,2.5728155339556036,-57,105,162,55120,21424,27295
207,255,107,635,0.8117647058791696,1.9345794392342561,2.3831775700711852,-48,100,148,52785,22149,27285
219,253,101,635,0.8656126482179225,2.1683168316617,2.5049504950247035,-34,118,152,55407,22119,25553
205,254,95,635,0.8070866141700509,2.1578947368193906,2.6736842104981715,-49,110,159,52070,19475,24130
213,264,106,638,0.8068181818151258,2.0094339622451938,2.490566037712353,-51,107,158,56232,22578,27984
208,249,103,638,0.8353413654584927,2.0194174757085492,2.417475728131869,-41,105,146,51792,21424,25647
201,254,100,638,0.7913385826740499,2.0099999999799,2.5399999999746,-53,101,154,51054,20100,25400
208,264,100,640,0.7878787878758036,2.0799999999792,2.6399999999736,-56,108,164,54912,20800,26400
216,246,106,640,0.8780487804842356,2.0377358490373796,2.320754716959238,-30,110,140,53136,22896,26076
206,254,101,640,0.8110236220440511,2.0396039603758456,2.5148514851236152,-48,105,153,52324,20806,25654
205,245,100,640,0.8367346938741358,2.0499999999794998,2.4499999999754998,-40,105,145,50225,20500,24500
204,245,98,640,0.8326530612210913,2.0816326530399833,2.4999999999744897,-41,106,147,49980,19992,24010
201,240,102,640,0.8374999999965105,1.970588235274798,2.35294117644752,-39,99,138,48240,20502,24480
209,269,103,641,0.7769516728595652,2.0291262135725328,2.611650485411537,-60,106,166,56221,21527,27707
200,253,102,641,0.7905138339889703,1.9607843137062668,2.4803921568384273,-53,98,151,50600,20400,25806
218,260,103,642,0.8384615384583136,2.1165048543483835,2.5242718446356864,-42,115,157,56680,22454,26780
213,256,98,642,0.8320312499967499,2.173469387732924,2.612244897932528,-43,115,158,54528,20874,25088
210,247,100,642,0.8502024291463555,2.099999999979,2.4699999999753,-37,110,147,51870,21000,24700
210,243,103,642,0.8641975308606412,2.0388349514365163,2.359223300947969,-33,107,140,51030,21630,25029
201,250,97,642,0.8039999999967841,2.0721649484322455,2.5773195876022954,-49,104,153,50250,19497,24250
212,252,114,643,0.841269841266503,1.8596491227907048,2.210526315770083,-40,98,138,53424,24168,28728
207,248,104,643,0.8346774193514731,1.990384615365477,2.3846153845924554,-41,103,144,51336,21528,25792
203,253,96,644,0.8023715414988049,2.114583333311306,2.6354166666392143,-50,107,157,51359,19488,24288
198,256,94,644,0.7734374999969788,2.106382978700996,2.7234042552901765,-58,104,162,50688,18612,24064
212,257,108,645,0.8249027237321989,1.9629629629447873,2.379629629607596,-45,104,149,54484,22896,27756
199,262,96,646,0.7595419847299254,2.0729166666450736,2.7291666666382377,-63,103,166,52138,19104,25152
206,243,99,647,0.8477366255109147,2.0808080807870626,2.454545454520661,-37,107,144,50058,20394,24057
219,258,104,648,0.8488372092990355,2.105769230748983,2.480769230745377,-39,115,154,56502,22776,26832
208,244,103,648,0.8524590163899489,2.0194174757085492,2.368932038811952,-36,105,141,50752,21424,25132
210,253,101,649,0.8300395256884189,2.079207920771493,2.5049504950247035,-43,109,152,53130,21210,25553
202,249,102,649,0.8112449799164207,1.9803921568433294,2.441176470564302,-47,100,147,50298,20604,25398
210,253,98,650,0.8300395256884189,2.1428571428352767,2.581632653034881,-43,112,155,53130,20580,24794
208,260,100,650,0.7999999999969231,2.0799999999792,2.599999999974,-52,108,160,54080,20800,26000
216,258,98,651,0.8372093023223365,2.2040816326305706,2.632653061197626,-42,118,160,55728,21168,25284
209,244,107,651,0.8565573770456699,1.9532710280191283,2.280373831754389,-35,102,137,50996,22363,26108
215,257,100,652,0.8365758754831262,2.1499999999784998,2.5699999999743,-42,115,157,55255,21500,25700
212,250,98,652,0.847999999996608,2.163265306100375,2.5510204081372345,-38,114,152,53000,20776,24500
210,240,108,652,0.8749999999963542,1.9444444444264402,2.222222222201646,-30,102,132,50400,22680,25920
205,260,99,653,0.788461538458506,2.0707070706861543,2.626262626236098,-55,106,161,53300,20295,25740
207,257,104,653,0.8054474708139866,1.990384615365477,2.471153846130085,-50,103,153,53199,21528,26728
208,249,102,653,0.8353413654584927,2.039215686254517,2.441176470564302,-41,106,147,51792,21216,25398
209,257,105,654,0.8132295719812715,1.9904761904572335,2.4476190475957367,-48,104,152,53713,21945,26985
210,255,102,654,0.8235294117614764,2.05882352939158,2.4999999999754903,-45,108,153,53550,21420,26010
202,250,100,654,0.8079999999967681,2.0199999999797997,2.499999999975,-48,102,150,50500,20200,25000
205,255,109,654,0.8039215686242984,1.8807339449368738,2.339449541262941,-50,96,146,52275,22345,27795
208,241,103,654,0.8630705394155059,2.0194174757085492,2.339805825220002,-33,105,138,50128,21424,24823
215,252,109,655,0.8531746031712176,1.9724770642020872,2.311926605483377,-37,106,143,54180,23435,27468
209,243,105,655,0.8600823045232096,1.9904761904572335,2.3142857142636735,-34,104,138,50787,21945,25515
205,261,100,656,0.7854406130238106,2.0499999999794998,2.6099999999739,-56,105,161,53505,20500,26100
210,251,104,656,0.83665338645085,2.0192307692113536,2.413461538438332,-41,106,147,52710,21840,26104
205,246,103,656,0.8333333333299459,1.9902912621165991,2.388349514539919,-41,102,143,50430,21115,25338
204,244,98,656,0.8360655737670654,2.0816326530399833,2.4897959183419407,-40,106,146,49776,19992,23912
216,255,106,657,0.84705882352609,2.0377358490373796,2.4056603773357956,-39,110,149,55080,22896,27030
207,249,106,657,0.8313253012014806,1.9528301886608224,2.349056603751424,-42,101,143,51543,21942,26394
202,247,102,657,0.8178137651788753,1.9803921568433294,2.421568627427239,-45,100,145,49894,20604,25194
212,255,102,658,0.8313725490163476,2.0784313725286427,2.4999999999754903,-43,110,153,54060,21624,26010
206,253,102,658,0.8142292490086395,2.0196078431174547,2.4803921568384273,-47,104,151,52118,21012,25806
207,255,102,659,0.8117647058791696,2.029411764685986,2.4999999999754903,-48,105,153,52785,21114,26010
213,251,106,659,0.8486055776858622,2.0094339622451938,2.3679245282795476,-38,107,145,53463,22578,26606
217,254,101,660,0.8543307086580538,2.148514851463876,2.5148514851236152,-37,116,153,55118,21917,25654
208,251,101,660,0.8286852589608419,2.059405940573669,2.4851485148268795,-43,107,150,52208,21008,25351
210,245,105,660,0.8571428571393587,1.9999999999809523,2.333333333311111,-35,105,140,51450,22050,25725
215,253,108,662,0.8498023715381431,1.9907407407223079,2.342592592570902,-38,107,145,54395,23220,27324
201,244,93,662,0.8237704917999026,2.1612903225574054,2.6236559139502833,-43,108,151,49044,18693,22692
217,254,101,663,0.8543307086580538,2.148514851463876,2.5148514851236152,-37,116,153,55118,21917,25654
204,260,99,663,0.7846153846123669,2.0606060605852465,2.626262626236098,-56,105,161,53040,20196,25740
211,241,100,663,0.8755186721955373,2.1099999999789,2.4099999999759,-30,111,141,50851,21100,24100
206,265,105,664,0.7773584905631044,1.961904761886077,2.5238095237854874,-59,101,160,54590,21630,27825
204,263,101,665,0.7756653992365945,2.0198019801780216,2.603960396013822,-59,103,162,53652,20604,26563
204,250,100,665,0.815999999996736,2.0399999999796,2.499999999975,-46,104,150,51000,20400,25000
218,266,111,666,0.8195488721773702,1.9639639639462705,2.396396396374807,-48,107,155,57988,24198,29526
212,253,95,666,0.8379446640283086,2.231578947344931,2.663157894708809,-41,117,158,53636,20140,24035
210,248,102,668,0.8467741935449727,2.05882352939158,2.4313725489957707,-38,108,146,52080,21420,25296
206,255,103,669,0.807843137251734,1.9999999999805824,2.4757281553157697,-49,103,152,52530,21218,26265
210,258,102,670,0.8139534883689382,2.05882352939158,2.5294117646810843,-48,108,156,54180,21420,26316
210,254,102,670,0.8267716535400521,2.05882352939158,2.490196078406959,-44,108,152,53340,21420,25908
212,260,106,671,0.8153846153814793,1.999999999981132,2.4528301886561055,-48,106,154,55120,22472,27560
217,250,102,672,0.867999999996528,2.1274509803712993,2.4509803921328333,-33,115,148,54250,22134,25500
213,256,98,673,0.8320312499967499,2.173469387732924,2.612244897932528,-43,115,158,54528,20874,25088
208,264,100,673,0.7878787878758036,2.0799999999792,2.6399999999736,-56,108,164,54912,20800,26400
207,250,104,674,0.827999999996688,1.990384615365477,2.40384615382304,-43,103,146,51750,21528,26000
210,272,105,675,0.7720588235265733,1.9999999999809523,2.5904761904515192,-62,105,167,57120,22050,28560
207,255,106,675,0.8117647058791696,1.9528301886608224,2.4056603773357956,-48,101,149,52785,21942,27030
204,255,98,675,0.7999999999968628,2.0816326530399833,2.6020408162999793,-51,106,157,52020,19992,24990
209,237,102,676,0.8818565400806673,2.0490196078230487,2.323529411741926,-28,107,135,49533,21318,24174
209,268,108,678,0.7798507462657469,1.9351851851672668,2.4814814814585047,-59,101,160,56012,22572,28944
206,252,95,678,0.8174603174570736,2.1684210526087533,2.6526315789194457,-46,111,157,51912,19570,23940
204,248,105,679,0.8225806451579735,1.9428571428386394,2.3619047618822675,-44,99,143,50592,21420,26040
208,252,102,680,0.8253968253935501,2.039215686254517,2.4705882352698962,-44,106,150,52416,21216,25704
217,279,98,681,0.77777777777499,2.2142857142631196,2.8469387754811537,-62,119,181,60543,21266,27342
208,272,102,681,0.7647058823501298,2.039215686254517,2.666666666640523,-64,106,170,56576,21216,27744
210,263,106,682,0.7984790874494355,1.9811320754530082,2.4811320754482913,-53,104,157,55230,22260,27878
216,259,103,682,0.833976833973614,2.0970873786204165,2.5145631067717034,-43,113,156,55944,22248,26677
202,257,104,682,0.7859922178957743,1.9423076922890161,2.471153846130085,-55,98,153,51914,21008,26728
212,266,107,684,0.7969924812000113,1.9813084111964363,2.4859813083879816,-54,105,159,56392,22684,28462
211,262,101,684,0.8053435114473079,2.089108910870405,2.5940594059149102,-51,110,161,55282,21311,26462
205,252,98,684,0.8134920634888354,2.0918367346725324,2.571428571402332,-47,107,154,51660,20090,24696
211,263,104,685,0.8022813688182423,2.028846153826646,2.528846153821838,-52,107,159,55493,21944,27352
215,253,111,686,0.8498023715381431,1.936936936919487,2.2792792792587453,-38,104,142,54395,23865,28083
204,261,101,692,0.7816091953993042,2.0198019801780216,2.5841584158159985,-57,103,160,53244,20604,26361
207,262,98,692,0.790076335874847,2.11224489793763,2.6734693877278217,-55,109,164,54234,20286,25676
212,250,102,693,0.847999999996608,2.0784313725286427,2.4509803921328333,-38,110,148,53000,21624,25500
210,258,94,695,0.8139534883689382,2.234042553167723,2.744680851034631,-48,116,164,54180,19740,24252
214,250,102,696,0.855999999996576,2.0980392156657053,2.4509803921328333,-36,112,148,53500,21828,25500
208,262,100,696,0.7938931297679622,2.0799999999792,2.6199999999737997,-54,108,162,54496,20800,26200
210,248,98,696,0.8467741935449727,2.1428571428352767,2.5306122448721364,-38,112,150,52080,20580,24304
205,264,99,697,0.7765151515122102,2.0707070706861543,2.6666666666397307,-59,106,165,54120,20295,26136
220,265,108,698,0.8301886792421502,2.0370370370181754,2.453703703680984,-45,112,157,58300,23760,28620
213,249,106,698,0.8554216867435526,2.0094339622451938,2.349056603751424,-36,107,143,53037,22578,26394
210,248,100,698,0.8467741935449727,2.099999999979,2.4799999999752,-38,110,148,52080,21000,24800
208,255,103,698,0.8156862745066051,2.0194174757085492,2.4757281553157697,-47,105,152,53040,21424,26265
219,262,105,701,0.8358778625922295,2.0857142856944217,2.495238095214331,-43,114,157,57378,22995,27510
216,255,105,701,0.84705882352609,2.057142857123265,2.4285714285482993,-39,111,150,55080,22680,26775
224,259,101,702,0.8648648648615257,2.217821782156259,2.5643564356181745,-35,123,158,58016,22624,26159
210,260,95,702,0.8076923076892012,2.210526315766205,2.736842105234349,-50,115,165,54600,19950,24700
210,262,104,705,0.8015267175541927,2.0192307692113536,2.519230769206546,-52,106,158,55020,21840,27248
220,251,100,705,0.8764940239008905,2.199999999978,2.5099999999749,-31,120,151,55220,22000,25100
219,272,100,706,0.8051470588205694,2.1899999999781,2.7199999999727997,-53,119,172,59568,21900,27200
208,259,103,706,0.8030888030857024,2.0194174757085492,2.5145631067717034,-51,105,156,53872,21424,26677
215,267,112,707,0.805243445689868,1.9196428571257174,2.3839285714072864,-52,103,155,57405,24080,29904
216,263,103,708,0.8212927756622765,2.0970873786204165,2.553398058227637,-47,113,160,56808,22248,27089
220,265,105,709,0.8301886792421502,2.0952380952181406,2.5238095237854874,-45,115,160,58300,23100,27825
213,265,100,709,0.8037735849026273,2.1299999999787,2.6499999999734998,-52,113,165,56445,21300,26500
219,259,109,711,0.8455598455565809,2.009174311908173,2.376146788969026,-40,110,150,56721,23871,28231
223,257,105,714,0.8677042801522658,2.123809523789297,2.4476190475957367,-34,118,152,57311,23415,26985
214,265,103,714,0.8075471698082735,2.07766990289245,2.5728155339556036,-51,111,162,56710,22042,27295
218,252,105,715,0.8650793650759323,2.076190476170703,2.3999999999771426,-34,113,147,54936,22890,26460
214,269,99,720,0.7955390334542917,2.1616161615943272,2.717171717144271,-55,115,170,57566,21186,26631
213,254,101,721,0.8385826771620528,2.1089108910682284,2.5148514851236152,-41,112,153,54102,21513,25654
220,272,109,722,0.8088235294087911,2.018348623834694,2.4954128440138033,-52,111,163,59840,23980,29648
213,250,104,724,0.851999999996592,2.0480769230572298,2.40384615382304,-37,109,146,53250,22152,26000
215,255,108,725,0.8431372548986544,1.9907407407223079,2.361111111089249,-40,107,147,54825,23220,27540
215,257,102,725,0.8365758754831262,2.1078431372342368,2.519607843112553,-42,113,155,55255,21930,26214
213,265,102,726,0.8037735849026273,2.0882352940971742,2.5980392156608034,-52,111,163,56445,21726,27030
208,257,102,728,0.8093385213976291,2.039215686254517,2.519607843112553,-49,106,155,53456,21216,26214
220,265,106,729,0.8301886792421502,2.0754716980936276,2.499999999976415,-45,114,159,58300,23320,28090
216,265,105,729,0.8150943396195657,2.057142857123265,2.5238095237854874,-49,111,160,57240,22680,27825
217,263,104,730,0.8250950570310833,2.0865384615183986,2.528846153821838,-46,113,159,57071,22568,27352
212,260,102,730,0.8153846153814793,2.0784313725286427,2.549019607818147,-48,110,158,55120,21624,26520
212,266,106,731,0.7969924812000113,1.999999999981132,2.509433962240477,-54,106,160,56392,22472,28196
217,266,105,735,0.8157894736811436,2.066666666646984,2.5333333333092063,-49,112,161,57722,22785,27930
205,254,100,736,0.8070866141700509,2.0499999999794998,2.5399999999746,-49,105,154,52070,20500,25400
224,280,107,737,0.7999999999971429,2.0934579439056686,2.6168224298820855,-56,117,173,62720,23968,29960
212,261,109,737,0.8122605363953553,1.9449541284225234,2.3944954128220686,-49,103,152,55332,23108,28449
216,261,108,737,0.8275862068933809,1.9999999999814815,2.41666666664429,-45,108,153,56376,23328,28188
217,268,105,740,0.8097014925342922,2.066666666646984,2.552380952356644,-51,112,163,58156,22785,28140
213,266,104,742,0.8007518796962378,2.0480769230572298,2.5576923076677143,-53,109,162,56658,22152,27664
216,265,102,746,0.8150943396195657,2.1176470588027683,2.5980392156608034,-49,114,163,57240,22032,27030
231,266,108,748,0.8684210526283143,2.1388888888690842,2.4629629629401575,-35,123,158,61446,24948,28728
210,270,98,748,0.7777777777748971,2.1428571428352767,2.755102040788213,-60,112,172,56700,20580,26460
216,270,103,751,0.7999999999970371,2.0970873786204165,2.6213592232755207,-54,113,167,58320,22248,27810
226,262,107,754,0.862595419844036,2.1121495326905406,2.448598130818237,-36,119,155,59212,24182,28034
224,273,98,755,0.820512820509815,2.285714285690962,2.78571428568586,-49,126,175,61152,21952,26754
218,278,107,756,0.7841726618676829,2.0373831775510522,2.5981308410972135,-60,111,171,60604,23326,29746
217,274,104,757,0.7919708029168177,2.0865384615183986,2.6346153845900515,-57,113,170,59458,22568,28496
220,267,102,757,0.8239700374500976,2.1568627450768934,2.617647058797866,-47,118,165,58740,22440,27234
213,274,100,766,0.7773722627708856,2.1299999999787,2.7399999999726,-61,113,174,58362,21300,27400
207,277,102,769,0.7472924187698654,2.029411764685986,2.7156862744831796,-70,105,175,57339,21114,28254
216,280,107,771,0.7714285714258163,2.0186915887661803,2.6168224298820855,-64,109,173,60480,23112,29960
230,270,109,772,0.8518518518486968,2.1100917430999075,2.4770642201607607,-40,121,161,62100,25070,29430
207,260,101,773,0.7961538461507841,2.0495049504747573,2.5742574257170863,-53,106,159,53820,20907,26260
215,266,108,778,0.8082706766886908,1.9907407407223079,2.4629629629401575,-51,107,158,57190,23220,28728
220,275,109,782,0.7999999999970909,2.018348623834694,2.5229357797933676,-55,111,166,60500,23980,29975
225,275,108,788,0.8181818181788431,2.083333333314043,2.5462962962727196,-50,117,167,61875,24300,29700
233,264,107,794,0.8825757575724146,2.1775700934375926,2.467289719603109,-31,126,157,61512,24931,28248
220,262,107,795,0.8396946564853447,2.0560747663359247,2.448598130818237,-42,113,155,57640,23540,28034
225,272,108,802,0.8272058823499,2.083333333314043,2.518518518495199,-47,117,164,61200,24300,29376
220,265,108,811,0.8301886792421502,2.0370370370181754,2.453703703680984,-45,112,157,58300,23760,28620
229,282,104,824,0.8120567375857729,2.2019230769019047,2.7115384615123888,-53,125,178,64578,23816,29328
